P1,P2,P3,P4,P5,P6,P7
0,199,273,53,281,39,273
199,0,181,149,214,202,229
273,181,0,250,39,248,67
53,149,250,0,265,74,262
281,214,39,265,0,252,31
39,202,248,74,252,0,241
273,229,67,262,31,241,0
